{
 "cells": [
  {
   "cell_type": "markdown",
   "metadata": {
    "collapsed": false
   },
   "source": [
    "Мазур Наталья Игоревна Т120-101М-20"
   ]
  },
  {
   "cell_type": "code",
   "execution_count": 1,
   "metadata": {
    "collapsed": false
   },
   "outputs": [
   ],
   "source": [
    "import numpy as np"
   ]
  },
  {
   "cell_type": "markdown",
   "metadata": {
    "collapsed": false
   },
   "source": [
    "Перемножить матрицы 5x3 и 3x2"
   ]
  },
  {
   "cell_type": "code",
   "execution_count": 2,
   "metadata": {
    "collapsed": false
   },
   "outputs": [
    {
     "name": "stdout",
     "output_type": "stream",
     "text": [
      "[[3. 3.]\n",
      " [3. 3.]\n",
      " [3. 3.]\n",
      " [3. 3.]\n",
      " [3. 3.]]\n"
     ]
    }
   ],
   "source": [
    "Z = np.dot(np.ones((5,3)), np.ones((3,2)))\n",
    "print(Z)"
   ]
  },
  {
   "cell_type": "markdown",
   "metadata": {
    "collapsed": false
   },
   "source": [
    "Дан массив, поменять знак у элементов, значения которых между 3 и 8"
   ]
  },
  {
   "cell_type": "code",
   "execution_count": 3,
   "metadata": {
    "collapsed": false
   },
   "outputs": [
   ],
   "source": [
    "Z = np.arange(11)\n",
    "Z[(3 < Z) & (Z <= 8)] *= -1"
   ]
  },
  {
   "cell_type": "markdown",
   "metadata": {
    "collapsed": false
   },
   "source": [
    "Создать 5x5 матрицу со значениями в строках от 0 до 4"
   ]
  },
  {
   "cell_type": "code",
   "execution_count": 4,
   "metadata": {
    "collapsed": false
   },
   "outputs": [
    {
     "name": "stdout",
     "output_type": "stream",
     "text": [
      "[[0. 1. 2. 3. 4.]\n",
      " [0. 1. 2. 3. 4.]\n",
      " [0. 1. 2. 3. 4.]\n",
      " [0. 1. 2. 3. 4.]\n",
      " [0. 1. 2. 3. 4.]]\n"
     ]
    }
   ],
   "source": [
    "Z = np.zeros((5,5))\n",
    "Z += np.arange(5)\n",
    "print(Z)"
   ]
  },
  {
   "cell_type": "markdown",
   "metadata": {
    "collapsed": false
   },
   "source": [
    "Есть генератор, сделать с его помощью массив"
   ]
  },
  {
   "cell_type": "code",
   "execution_count": 5,
   "metadata": {
    "collapsed": false
   },
   "outputs": [
    {
     "name": "stdout",
     "output_type": "stream",
     "text": [
      "[0. 1. 2. 3. 4. 5. 6. 7. 8. 9.]\n"
     ]
    }
   ],
   "source": [
    "def generate():\n",
    "    for x in range(10):\n",
    "        yield x\n",
    "Z = np.fromiter(generate(),dtype=float,count=-1)\n",
    "print(Z)"
   ]
  },
  {
   "cell_type": "markdown",
   "metadata": {
    "collapsed": false
   },
   "source": [
    "Создать вектор размера 10 со значениями от 0 до 1, не включая ни то, ни другое"
   ]
  },
  {
   "cell_type": "code",
   "execution_count": 6,
   "metadata": {
    "collapsed": false
   },
   "outputs": [
    {
     "name": "stdout",
     "output_type": "stream",
     "text": [
      "[0.09090909 0.18181818 0.27272727 0.36363636 0.45454545 0.54545455\n",
      " 0.63636364 0.72727273 0.81818182 0.90909091]\n"
     ]
    }
   ],
   "source": [
    "Z = np.linspace(0,1,12)[1:-1]\n",
    "print(Z)"
   ]
  },
  {
   "cell_type": "markdown",
   "metadata": {
    "collapsed": false
   },
   "source": [
    "Отсортировать вектор"
   ]
  },
  {
   "cell_type": "code",
   "execution_count": 7,
   "metadata": {
    "collapsed": false
   },
   "outputs": [
    {
     "name": "stdout",
     "output_type": "stream",
     "text": [
      "[0.07316205 0.103195   0.16897284 0.57128149 0.61198112 0.70533074\n",
      " 0.77565372 0.85273372 0.92391436 0.94656481]\n"
     ]
    }
   ],
   "source": [
    "Z = np.random.random(10)\n",
    "Z.sort()\n",
    "print(Z)"
   ]
  },
  {
   "cell_type": "markdown",
   "metadata": {
    "collapsed": false
   },
   "source": [
    "Проверить, одинаковы ли 2 numpy массива"
   ]
  },
  {
   "cell_type": "code",
   "execution_count": 8,
   "metadata": {
    "collapsed": false
   },
   "outputs": [
    {
     "name": "stdout",
     "output_type": "stream",
     "text": [
      "False\n"
     ]
    }
   ],
   "source": [
    "A = np.random.randint(0,2,5)\n",
    "B = np.random.randint(0,2,5)\n",
    "equal = np.allclose(A,B)\n",
    "print(equal)"
   ]
  },
  {
   "cell_type": "markdown",
   "metadata": {
    "collapsed": false
   },
   "source": [
    "Сделать массив неизменяемым"
   ]
  },
  {
   "cell_type": "code",
   "execution_count": 9,
   "metadata": {
    "collapsed": false
   },
   "outputs": [
   ],
   "source": [
    "Z = np.zeros(10)\n",
    "Z.flags.writeable = False\n",
    "#Z[0] = 1 - выдаст ошибку"
   ]
  },
  {
   "cell_type": "markdown",
   "metadata": {
    "collapsed": false
   },
   "source": [
    "Дан массив 10x2 (точки в декартовой системе координат), преобразовать в полярную"
   ]
  },
  {
   "cell_type": "code",
   "execution_count": 10,
   "metadata": {
    "collapsed": false
   },
   "outputs": [
    {
     "name": "stdout",
     "output_type": "stream",
     "text": [
      "[0.94924962 0.72447741 0.61965608 1.26752962 0.67316689 0.98933566\n",
      " 0.80407077 1.32409561 1.17328202 0.89163045]\n",
      "[1.22173044 0.40525658 1.42662119 0.70959457 0.1214015  1.35808728\n",
      " 0.36560022 0.77862611 0.91490577 1.38702567]\n"
     ]
    }
   ],
   "source": [
    "Z = np.random.random((10,2))\n",
    "X,Y = Z[:,0], Z[:,1]\n",
    "R = np.hypot(X, Y)\n",
    "T = np.arctan2(Y,X)\n",
    "print(R)\n",
    "print(T)"
   ]
  },
  {
   "cell_type": "markdown",
   "metadata": {
    "collapsed": false
   },
   "source": [
    "Заменить максимальный элемент на ноль"
   ]
  },
  {
   "cell_type": "code",
   "execution_count": 11,
   "metadata": {
    "collapsed": false
   },
   "outputs": [
    {
     "name": "stdout",
     "output_type": "stream",
     "text": [
      "[0.05872518 0.38024877 0.60285935 0.94271949 0.46946494 0.\n",
      " 0.34688711 0.71615654 0.96302244 0.95413753]\n"
     ]
    }
   ],
   "source": [
    "Z = np.random.random(10)\n",
    "Z[Z.argmax()] = 0\n",
    "print(Z)"
   ]
  },
  {
   "cell_type": "markdown",
   "metadata": {
    "collapsed": false
   },
   "source": [
    "Создать структурированный массив с координатами x, y на сетке в квадрате [0,1]x[0,1]"
   ]
  },
  {
   "cell_type": "code",
   "execution_count": 12,
   "metadata": {
    "collapsed": false
   },
   "outputs": [
    {
     "name": "stdout",
     "output_type": "stream",
     "text": [
      "[[(0.        , 0.        ) (0.11111111, 0.        )\n",
      "  (0.22222222, 0.        ) (0.33333333, 0.        )\n",
      "  (0.44444444, 0.        ) (0.55555556, 0.        )\n",
      "  (0.66666667, 0.        ) (0.77777778, 0.        )\n",
      "  (0.88888889, 0.        ) (1.        , 0.        )]\n",
      " [(0.        , 0.11111111) (0.11111111, 0.11111111)\n",
      "  (0.22222222, 0.11111111) (0.33333333, 0.11111111)\n",
      "  (0.44444444, 0.11111111) (0.55555556, 0.11111111)\n",
      "  (0.66666667, 0.11111111) (0.77777778, 0.11111111)\n",
      "  (0.88888889, 0.11111111) (1.        , 0.11111111)]\n",
      " [(0.        , 0.22222222) (0.11111111, 0.22222222)\n",
      "  (0.22222222, 0.22222222) (0.33333333, 0.22222222)\n",
      "  (0.44444444, 0.22222222) (0.55555556, 0.22222222)\n",
      "  (0.66666667, 0.22222222) (0.77777778, 0.22222222)\n",
      "  (0.88888889, 0.22222222) (1.        , 0.22222222)]\n",
      " [(0.        , 0.33333333) (0.11111111, 0.33333333)\n",
      "  (0.22222222, 0.33333333) (0.33333333, 0.33333333)\n",
      "  (0.44444444, 0.33333333) (0.55555556, 0.33333333)\n",
      "  (0.66666667, 0.33333333) (0.77777778, 0.33333333)\n",
      "  (0.88888889, 0.33333333) (1.        , 0.33333333)]\n",
      " [(0.        , 0.44444444) (0.11111111, 0.44444444)\n",
      "  (0.22222222, 0.44444444) (0.33333333, 0.44444444)\n",
      "  (0.44444444, 0.44444444) (0.55555556, 0.44444444)\n",
      "  (0.66666667, 0.44444444) (0.77777778, 0.44444444)\n",
      "  (0.88888889, 0.44444444) (1.        , 0.44444444)]\n",
      " [(0.        , 0.55555556) (0.11111111, 0.55555556)\n",
      "  (0.22222222, 0.55555556) (0.33333333, 0.55555556)\n",
      "  (0.44444444, 0.55555556) (0.55555556, 0.55555556)\n",
      "  (0.66666667, 0.55555556) (0.77777778, 0.55555556)\n",
      "  (0.88888889, 0.55555556) (1.        , 0.55555556)]\n",
      " [(0.        , 0.66666667) (0.11111111, 0.66666667)\n",
      "  (0.22222222, 0.66666667) (0.33333333, 0.66666667)\n",
      "  (0.44444444, 0.66666667) (0.55555556, 0.66666667)\n",
      "  (0.66666667, 0.66666667) (0.77777778, 0.66666667)\n",
      "  (0.88888889, 0.66666667) (1.        , 0.66666667)]\n",
      " [(0.        , 0.77777778) (0.11111111, 0.77777778)\n",
      "  (0.22222222, 0.77777778) (0.33333333, 0.77777778)\n",
      "  (0.44444444, 0.77777778) (0.55555556, 0.77777778)\n",
      "  (0.66666667, 0.77777778) (0.77777778, 0.77777778)\n",
      "  (0.88888889, 0.77777778) (1.        , 0.77777778)]\n",
      " [(0.        , 0.88888889) (0.11111111, 0.88888889)\n",
      "  (0.22222222, 0.88888889) (0.33333333, 0.88888889)\n",
      "  (0.44444444, 0.88888889) (0.55555556, 0.88888889)\n",
      "  (0.66666667, 0.88888889) (0.77777778, 0.88888889)\n",
      "  (0.88888889, 0.88888889) (1.        , 0.88888889)]\n",
      " [(0.        , 1.        ) (0.11111111, 1.        )\n",
      "  (0.22222222, 1.        ) (0.33333333, 1.        )\n",
      "  (0.44444444, 1.        ) (0.55555556, 1.        )\n",
      "  (0.66666667, 1.        ) (0.77777778, 1.        )\n",
      "  (0.88888889, 1.        ) (1.        , 1.        )]]\n"
     ]
    }
   ],
   "source": [
    "Z = np.zeros((10,10), [('x',float),('y',float)])\n",
    "Z['x'], Z['y'] = np.meshgrid(np.linspace(0,1,10),\n",
    "                             np.linspace(0,1,10))\n",
    "print(Z)"
   ]
  },
  {
   "cell_type": "markdown",
   "metadata": {
    "collapsed": false
   },
   "source": [
    "Из двух массивов сделать матрицу Коши C (Cij = 1/(xi - yj))"
   ]
  },
  {
   "cell_type": "code",
   "execution_count": 13,
   "metadata": {
    "collapsed": false
   },
   "outputs": [
    {
     "name": "stdout",
     "output_type": "stream",
     "text": [
      "3638.163637117973\n"
     ]
    }
   ],
   "source": [
    "X = np.arange(8)\n",
    "Y = X + 0.5\n",
    "C = 1.0 / np.subtract.outer(X, Y)\n",
    "print(np.linalg.det(C))"
   ]
  },
  {
   "cell_type": "markdown",
   "metadata": {
    "collapsed": false
   },
   "source": [
    "Найти минимальное и максимальное значение, принимаемое каждым числовым типом numpy"
   ]
  },
  {
   "cell_type": "code",
   "execution_count": 14,
   "metadata": {
    "collapsed": false
   },
   "outputs": [
    {
     "name": "stdout",
     "output_type": "stream",
     "text": [
      "-128\n",
      "127\n",
      "-2147483648\n",
      "2147483647\n",
      "-9223372036854775808\n",
      "9223372036854775807\n",
      "-3.4028235e+38\n",
      "3.4028235e+38\n",
      "1.1920929e-07\n",
      "-1.7976931348623157e+308\n",
      "1.7976931348623157e+308\n",
      "2.220446049250313e-16\n"
     ]
    }
   ],
   "source": [
    "for dtype in [np.int8, np.int32, np.int64]:\n",
    "   print(np.iinfo(dtype).min)\n",
    "   print(np.iinfo(dtype).max)\n",
    "for dtype in [np.float32, np.float64]:\n",
    "   print(np.finfo(dtype).min)\n",
    "   print(np.finfo(dtype).max)\n",
    "   print(np.finfo(dtype).eps)"
   ]
  },
  {
   "cell_type": "markdown",
   "metadata": {
    "collapsed": false
   },
   "source": [
    "Напечатать все значения в массиве"
   ]
  },
  {
   "cell_type": "code",
   "execution_count": 15,
   "metadata": {
    "collapsed": false
   },
   "outputs": [
    {
     "name": "stdout",
     "output_type": "stream",
     "text": [
      "[[0. 0. 0. 0. 0. 0. 0. 0. 0. 0. 0. 0. 0. 0. 0. 0. 0. 0. 0. 0. 0. 0. 0. 0.\n",
      "  0.]\n",
      " [0. 0. 0. 0. 0. 0. 0. 0. 0. 0. 0. 0. 0. 0. 0. 0. 0. 0. 0. 0. 0. 0. 0. 0.\n",
      "  0.]\n",
      " [0. 0. 0. 0. 0. 0. 0. 0. 0. 0. 0. 0. 0. 0. 0. 0. 0. 0. 0. 0. 0. 0. 0. 0.\n",
      "  0.]\n",
      " [0. 0. 0. 0. 0. 0. 0. 0. 0. 0. 0. 0. 0. 0. 0. 0. 0. 0. 0. 0. 0. 0. 0. 0.\n",
      "  0.]\n",
      " [0. 0. 0. 0. 0. 0. 0. 0. 0. 0. 0. 0. 0. 0. 0. 0. 0. 0. 0. 0. 0. 0. 0. 0.\n",
      "  0.]\n",
      " [0. 0. 0. 0. 0. 0. 0. 0. 0. 0. 0. 0. 0. 0. 0. 0. 0. 0. 0. 0. 0. 0. 0. 0.\n",
      "  0.]\n",
      " [0. 0. 0. 0. 0. 0. 0. 0. 0. 0. 0. 0. 0. 0. 0. 0. 0. 0. 0. 0. 0. 0. 0. 0.\n",
      "  0.]\n",
      " [0. 0. 0. 0. 0. 0. 0. 0. 0. 0. 0. 0. 0. 0. 0. 0. 0. 0. 0. 0. 0. 0. 0. 0.\n",
      "  0.]\n",
      " [0. 0. 0. 0. 0. 0. 0. 0. 0. 0. 0. 0. 0. 0. 0. 0. 0. 0. 0. 0. 0. 0. 0. 0.\n",
      "  0.]\n",
      " [0. 0. 0. 0. 0. 0. 0. 0. 0. 0. 0. 0. 0. 0. 0. 0. 0. 0. 0. 0. 0. 0. 0. 0.\n",
      "  0.]\n",
      " [0. 0. 0. 0. 0. 0. 0. 0. 0. 0. 0. 0. 0. 0. 0. 0. 0. 0. 0. 0. 0. 0. 0. 0.\n",
      "  0.]\n",
      " [0. 0. 0. 0. 0. 0. 0. 0. 0. 0. 0. 0. 0. 0. 0. 0. 0. 0. 0. 0. 0. 0. 0. 0.\n",
      "  0.]\n",
      " [0. 0. 0. 0. 0. 0. 0. 0. 0. 0. 0. 0. 0. 0. 0. 0. 0. 0. 0. 0. 0. 0. 0. 0.\n",
      "  0.]\n",
      " [0. 0. 0. 0. 0. 0. 0. 0. 0. 0. 0. 0. 0. 0. 0. 0. 0. 0. 0. 0. 0. 0. 0. 0.\n",
      "  0.]\n",
      " [0. 0. 0. 0. 0. 0. 0. 0. 0. 0. 0. 0. 0. 0. 0. 0. 0. 0. 0. 0. 0. 0. 0. 0.\n",
      "  0.]\n",
      " [0. 0. 0. 0. 0. 0. 0. 0. 0. 0. 0. 0. 0. 0. 0. 0. 0. 0. 0. 0. 0. 0. 0. 0.\n",
      "  0.]\n",
      " [0. 0. 0. 0. 0. 0. 0. 0. 0. 0. 0. 0. 0. 0. 0. 0. 0. 0. 0. 0. 0. 0. 0. 0.\n",
      "  0.]\n",
      " [0. 0. 0. 0. 0. 0. 0. 0. 0. 0. 0. 0. 0. 0. 0. 0. 0. 0. 0. 0. 0. 0. 0. 0.\n",
      "  0.]\n",
      " [0. 0. 0. 0. 0. 0. 0. 0. 0. 0. 0. 0. 0. 0. 0. 0. 0. 0. 0. 0. 0. 0. 0. 0.\n",
      "  0.]\n",
      " [0. 0. 0. 0. 0. 0. 0. 0. 0. 0. 0. 0. 0. 0. 0. 0. 0. 0. 0. 0. 0. 0. 0. 0.\n",
      "  0.]\n",
      " [0. 0. 0. 0. 0. 0. 0. 0. 0. 0. 0. 0. 0. 0. 0. 0. 0. 0. 0. 0. 0. 0. 0. 0.\n",
      "  0.]\n",
      " [0. 0. 0. 0. 0. 0. 0. 0. 0. 0. 0. 0. 0. 0. 0. 0. 0. 0. 0. 0. 0. 0. 0. 0.\n",
      "  0.]\n",
      " [0. 0. 0. 0. 0. 0. 0. 0. 0. 0. 0. 0. 0. 0. 0. 0. 0. 0. 0. 0. 0. 0. 0. 0.\n",
      "  0.]\n",
      " [0. 0. 0. 0. 0. 0. 0. 0. 0. 0. 0. 0. 0. 0. 0. 0. 0. 0. 0. 0. 0. 0. 0. 0.\n",
      "  0.]\n",
      " [0. 0. 0. 0. 0. 0. 0. 0. 0. 0. 0. 0. 0. 0. 0. 0. 0. 0. 0. 0. 0. 0. 0. 0.\n",
      "  0.]]\n"
     ]
    }
   ],
   "source": [
    "import sys\n",
    "np.set_printoptions(threshold=sys.maxsize)\n",
    "Z = np.zeros((25,25))\n",
    "print(Z)"
   ]
  },
  {
   "cell_type": "markdown",
   "metadata": {
    "collapsed": false
   },
   "source": [
    "Найти ближайшее к заданному значению число в заданном массиве"
   ]
  },
  {
   "cell_type": "code",
   "execution_count": 16,
   "metadata": {
    "collapsed": false
   },
   "outputs": [
    {
     "name": "stdout",
     "output_type": "stream",
     "text": [
      "60\n"
     ]
    }
   ],
   "source": [
    "Z = np.arange(100)\n",
    "v = np.random.uniform(0,100)\n",
    "index = (np.abs(Z-v)).argmin()\n",
    "print(Z[index])"
   ]
  },
  {
   "cell_type": "markdown",
   "metadata": {
    "collapsed": false
   },
   "source": [
    "Создать структурированный массив, представляющий координату (x,y) и цвет (r,g,b)"
   ]
  },
  {
   "cell_type": "code",
   "execution_count": 17,
   "metadata": {
    "collapsed": false
   },
   "outputs": [
    {
     "name": "stdout",
     "output_type": "stream",
     "text": [
      "[((0., 0.), (0., 0., 0.)) ((0., 0.), (0., 0., 0.))\n",
      " ((0., 0.), (0., 0., 0.)) ((0., 0.), (0., 0., 0.))\n",
      " ((0., 0.), (0., 0., 0.)) ((0., 0.), (0., 0., 0.))\n",
      " ((0., 0.), (0., 0., 0.)) ((0., 0.), (0., 0., 0.))\n",
      " ((0., 0.), (0., 0., 0.)) ((0., 0.), (0., 0., 0.))]\n"
     ]
    },
    {
     "name": "stderr",
     "output_type": "stream",
     "text": [
      "<ipython-input-17-6f1aa4d7a2ff>:1: FutureWarning: Passing (type, 1) or '1type' as a synonym of type is deprecated; in a future version of numpy, it will be understood as (type, (1,)) / '(1,)type'.\n",
      "  Z = np.zeros(10, [ ('position', [ ('x', float, 1),\n"
     ]
    }
   ],
   "source": [
    "Z = np.zeros(10, [ ('position', [ ('x', float, 1),\n",
    "                                  ('y', float, 1)]),\n",
    "                   ('color',    [ ('r', float, 1),\n",
    "                                  ('g', float, 1),\n",
    "                                  ('b', float, 1)])])\n",
    "print(Z)"
   ]
  },
  {
   "cell_type": "markdown",
   "metadata": {
    "collapsed": false
   },
   "source": [
    "Дан массив (100,2) координат, найти расстояние от каждой точки до каждой"
   ]
  },
  {
   "cell_type": "code",
   "execution_count": 18,
   "metadata": {
    "collapsed": false
   },
   "outputs": [
    {
     "name": "stdout",
     "output_type": "stream",
     "text": [
      "[[0.         0.4993331  0.95800632 0.53667143 0.73727474 0.80577027\n",
      "  0.61013762 0.79816435 0.69520268 0.50246577]\n",
      " [0.4993331  0.         0.46609505 0.32102142 0.32874567 0.41554241\n",
      "  0.16258138 0.34158112 0.56447897 0.38374879]\n",
      " [0.95800632 0.46609505 0.         0.55362253 0.30795935 0.51376136\n",
      "  0.3555394  0.36902681 0.69615659 0.64300296]\n",
      " [0.53667143 0.32102142 0.55362253 0.         0.25465134 0.72370932\n",
      "  0.24435223 0.62061552 0.24443894 0.08981229]\n",
      " [0.73727474 0.32874567 0.30795935 0.25465134 0.         0.61984435\n",
      "  0.16634508 0.48566806 0.39507347 0.34143001]\n",
      " [0.80577027 0.41554241 0.51376136 0.72370932 0.61984435 0.\n",
      "  0.49603535 0.14700028 0.95811085 0.79554116]\n",
      " [0.61013762 0.16258138 0.3555394  0.24435223 0.16634508 0.49603535\n",
      "  0.         0.38064134 0.46423866 0.32955123]\n",
      " [0.79816435 0.34158112 0.36902681 0.62061552 0.48566806 0.14700028\n",
      "  0.38064134 0.         0.84428202 0.69983385]\n",
      " [0.69520268 0.56447897 0.69615659 0.24443894 0.39507347 0.95811085\n",
      "  0.46423866 0.84428202 0.         0.21107071]\n",
      " [0.50246577 0.38374879 0.64300296 0.08981229 0.34143001 0.79554116\n",
      "  0.32955123 0.69983385 0.21107071 0.        ]]\n"
     ]
    }
   ],
   "source": [
    "import scipy.spatial\n",
    "\n",
    "Z = np.random.random((10,2))\n",
    "D = scipy.spatial.distance.cdist(Z,Z)\n",
    "print(D)"
   ]
  },
  {
   "cell_type": "markdown",
   "metadata": {
    "collapsed": false
   },
   "source": [
    "Преобразовать массив из float в int"
   ]
  },
  {
   "cell_type": "code",
   "execution_count": 19,
   "metadata": {
    "collapsed": false
   },
   "outputs": [
   ],
   "source": [
    "Z = np.arange(10, dtype=np.int32)\n",
    "Z = Z.astype(np.float32, copy=False)"
   ]
  },
  {
   "cell_type": "markdown",
   "metadata": {
    "collapsed": false
   },
   "source": [
    "Дан файл:\n",
    "1,2,3,4,5\n",
    "6,,,7,8\n",
    ",,9,10,11\n",
    "Как прочитать его?"
   ]
  },
  {
   "cell_type": "code",
   "execution_count": 20,
   "metadata": {
    "collapsed": false
   },
   "outputs": [
    {
     "name": "stdout",
     "output_type": "stream",
     "text": [
      "[[ 1.  2.  3.  4.  5.]\n",
      " [ 6. nan nan  7.  8.]\n",
      " [nan nan  9. 10. 11.]]\n"
     ]
    }
   ],
   "source": [
    "import tempfile\n",
    "tf = tempfile.NamedTemporaryFile()\n",
    "tf.write(b\"1,2,3,4,5\\n6,,,7,8\\n,,9,10,11\\n\")\n",
    "tf.flush()\n",
    "\n",
    "Z = np.genfromtxt(tf.name, delimiter=\",\")\n",
    "print(Z)\n",
    "\n",
    "tf.close()"
   ]
  },
  {
   "cell_type": "markdown",
   "metadata": {
    "collapsed": false
   },
   "source": [
    "Каков эквивалент функции enumerate для numpy массивов?"
   ]
  },
  {
   "cell_type": "code",
   "execution_count": 21,
   "metadata": {
    "collapsed": false
   },
   "outputs": [
    {
     "name": "stdout",
     "output_type": "stream",
     "text": [
      "(0, 0) 0\n",
      "(0, 1) 1\n",
      "(0, 2) 2\n",
      "(1, 0) 3\n",
      "(1, 1) 4\n",
      "(1, 2) 5\n",
      "(2, 0) 6\n",
      "(2, 1) 7\n",
      "(2, 2) 8\n",
      "(0, 0) 0\n",
      "(0, 1) 1\n",
      "(0, 2) 2\n",
      "(1, 0) 3\n",
      "(1, 1) 4\n",
      "(1, 2) 5\n",
      "(2, 0) 6\n",
      "(2, 1) 7\n",
      "(2, 2) 8\n"
     ]
    }
   ],
   "source": [
    "Z = np.arange(9).reshape(3,3)\n",
    "for index, value in np.ndenumerate(Z):\n",
    "    print(index, value)\n",
    "for index in np.ndindex(Z.shape):\n",
    "    print(index, Z[index])"
   ]
  },
  {
   "cell_type": "markdown",
   "metadata": {
    "collapsed": false
   },
   "source": [
    "Сформировать 2D массив с распределением Гаусса"
   ]
  },
  {
   "cell_type": "code",
   "execution_count": 22,
   "metadata": {
    "collapsed": false
   },
   "outputs": [
    {
     "name": "stdout",
     "output_type": "stream",
     "text": [
      "[[0.36787944 0.44822088 0.51979489 0.57375342 0.60279818 0.60279818\n",
      "  0.57375342 0.51979489 0.44822088 0.36787944]\n",
      " [0.44822088 0.54610814 0.63331324 0.69905581 0.73444367 0.73444367\n",
      "  0.69905581 0.63331324 0.54610814 0.44822088]\n",
      " [0.51979489 0.63331324 0.73444367 0.81068432 0.85172308 0.85172308\n",
      "  0.81068432 0.73444367 0.63331324 0.51979489]\n",
      " [0.57375342 0.69905581 0.81068432 0.89483932 0.9401382  0.9401382\n",
      "  0.89483932 0.81068432 0.69905581 0.57375342]\n",
      " [0.60279818 0.73444367 0.85172308 0.9401382  0.98773022 0.98773022\n",
      "  0.9401382  0.85172308 0.73444367 0.60279818]\n",
      " [0.60279818 0.73444367 0.85172308 0.9401382  0.98773022 0.98773022\n",
      "  0.9401382  0.85172308 0.73444367 0.60279818]\n",
      " [0.57375342 0.69905581 0.81068432 0.89483932 0.9401382  0.9401382\n",
      "  0.89483932 0.81068432 0.69905581 0.57375342]\n",
      " [0.51979489 0.63331324 0.73444367 0.81068432 0.85172308 0.85172308\n",
      "  0.81068432 0.73444367 0.63331324 0.51979489]\n",
      " [0.44822088 0.54610814 0.63331324 0.69905581 0.73444367 0.73444367\n",
      "  0.69905581 0.63331324 0.54610814 0.44822088]\n",
      " [0.36787944 0.44822088 0.51979489 0.57375342 0.60279818 0.60279818\n",
      "  0.57375342 0.51979489 0.44822088 0.36787944]]\n"
     ]
    }
   ],
   "source": [
    "X, Y = np.meshgrid(np.linspace(-1,1,10), np.linspace(-1,1,10))\n",
    "D = np.hypot(X, Y)\n",
    "sigma, mu = 1.0, 0.0\n",
    "G = np.exp(-((D - mu) ** 2 / (2.0 * sigma ** 2)))\n",
    "print(G)"
   ]
  },
  {
   "cell_type": "markdown",
   "metadata": {
    "collapsed": false
   },
   "source": [
    "Случайно расположить p элементов в 2D массив"
   ]
  },
  {
   "cell_type": "code",
   "execution_count": 23,
   "metadata": {
    "collapsed": false
   },
   "outputs": [
    {
     "name": "stdout",
     "output_type": "stream",
     "text": [
      "[[0. 0. 0. 0. 0. 0. 0. 0. 0. 0.]\n",
      " [0. 0. 0. 0. 0. 0. 0. 0. 0. 0.]\n",
      " [0. 0. 0. 0. 0. 0. 0. 0. 1. 0.]\n",
      " [0. 0. 0. 0. 0. 0. 0. 0. 0. 0.]\n",
      " [0. 0. 1. 0. 0. 0. 0. 0. 0. 0.]\n",
      " [0. 0. 0. 0. 0. 0. 0. 0. 0. 0.]\n",
      " [0. 0. 0. 0. 0. 0. 0. 0. 0. 0.]\n",
      " [0. 0. 0. 0. 0. 0. 0. 0. 0. 0.]\n",
      " [0. 0. 0. 0. 0. 0. 0. 0. 0. 0.]\n",
      " [0. 0. 0. 0. 0. 0. 0. 1. 0. 0.]]\n"
     ]
    }
   ],
   "source": [
    "n = 10\n",
    "p = 3\n",
    "Z = np.zeros((n,n))\n",
    "np.put(Z, np.random.choice(range(n*n), p, replace=False), 1)\n",
    "print(Z)"
   ]
  },
  {
   "cell_type": "markdown",
   "metadata": {
    "collapsed": false
   },
   "source": [
    "Отнять среднее из каждой строки в матрице"
   ]
  },
  {
   "cell_type": "code",
   "execution_count": 24,
   "metadata": {
    "collapsed": false
   },
   "outputs": [
    {
     "name": "stdout",
     "output_type": "stream",
     "text": [
      "[[0.68086598 0.43463341 0.45543398 0.74721664 0.07519213 0.60606263\n",
      "  0.75008923 0.71532685 0.5248348  0.34486312]\n",
      " [0.07962381 0.57187477 0.99538366 0.13208881 0.22092928 0.60648218\n",
      "  0.77055196 0.40224103 0.47397757 0.00179733]\n",
      " [0.57726352 0.82999871 0.57819122 0.81355646 0.52895169 0.23717897\n",
      "  0.93710737 0.48704606 0.34601704 0.27620603]\n",
      " [0.55810864 0.99469999 0.03549159 0.90709472 0.45319192 0.37945266\n",
      "  0.28022605 0.78387334 0.92857403 0.31439764]\n",
      " [0.73539486 0.26337154 0.08960517 0.9024929  0.31748549 0.54929551\n",
      "  0.69393727 0.00735863 0.29766088 0.36026017]]\n",
      "[[0. 0. 0. 0. 0. 0. 0. 0. 0. 0.]\n",
      " [0. 0. 0. 0. 0. 0. 0. 0. 0. 0.]\n",
      " [0. 0. 0. 0. 0. 0. 0. 0. 1. 0.]\n",
      " [0. 0. 0. 0. 0. 0. 0. 0. 0. 0.]\n",
      " [0. 0. 1. 0. 0. 0. 0. 0. 0. 0.]\n",
      " [0. 0. 0. 0. 0. 0. 0. 0. 0. 0.]\n",
      " [0. 0. 0. 0. 0. 0. 0. 0. 0. 0.]\n",
      " [0. 0. 0. 0. 0. 0. 0. 0. 0. 0.]\n",
      " [0. 0. 0. 0. 0. 0. 0. 0. 0. 0.]\n",
      " [0. 0. 0. 0. 0. 0. 0. 1. 0. 0.]]\n"
     ]
    }
   ],
   "source": [
    "X = np.random.rand(5, 10)\n",
    "print(X)\n",
    "Y = X - X.mean(axis=1, keepdims=True)\n",
    "print(Z)"
   ]
  },
  {
   "cell_type": "markdown",
   "metadata": {
    "collapsed": false
   },
   "source": [
    "Отсортировать матрицу по n-ому столбцу"
   ]
  },
  {
   "cell_type": "code",
   "execution_count": 25,
   "metadata": {
    "collapsed": false
   },
   "outputs": [
    {
     "name": "stdout",
     "output_type": "stream",
     "text": [
      "[[9 3 4]\n",
      " [2 9 3]\n",
      " [4 5 9]]\n",
      "[[9 3 4]\n",
      " [4 5 9]\n",
      " [2 9 3]]\n"
     ]
    }
   ],
   "source": [
    "Z = np.random.randint(0,10,(3,3))\n",
    "n = 1  # Нумерация с нуля\n",
    "print(Z)\n",
    "print(Z[Z[:,n].argsort()])"
   ]
  },
  {
   "cell_type": "markdown",
   "metadata": {
    "collapsed": false
   },
   "source": [
    "Определить, есть ли в 2D массиве нулевые столбцы"
   ]
  },
  {
   "cell_type": "code",
   "execution_count": 26,
   "metadata": {
    "collapsed": false
   },
   "outputs": [
    {
     "name": "stdout",
     "output_type": "stream",
     "text": [
      "False\n"
     ]
    }
   ],
   "source": [
    "Z = np.random.randint(0,3,(3,10))\n",
    "print((~Z.any(axis=0)).any())"
   ]
  },
  {
   "cell_type": "markdown",
   "metadata": {
    "collapsed": false
   },
   "source": [
    "Дан массив, добавить 1 к каждому элементу с индексом, заданным в другом массиве (осторожно с повторами)"
   ]
  },
  {
   "cell_type": "code",
   "execution_count": 27,
   "metadata": {
    "collapsed": false
   },
   "outputs": [
    {
     "name": "stdout",
     "output_type": "stream",
     "text": [
      "[2. 1. 2. 3. 3. 2. 4. 6. 4. 3.]\n"
     ]
    }
   ],
   "source": [
    "Z = np.ones(10)\n",
    "I = np.random.randint(0,len(Z),20)\n",
    "Z += np.bincount(I, minlength=len(Z))\n",
    "print(Z)"
   ]
  },
  {
   "cell_type": "markdown",
   "metadata": {
    "collapsed": false
   },
   "source": [
    "Дан массив (w,h,3) (картинка) dtype=ubyte, посчитать количество различных цветов"
   ]
  },
  {
   "cell_type": "code",
   "execution_count": 33,
   "metadata": {
    "collapsed": false
   },
   "outputs": [
    {
     "name": "stdout",
     "output_type": "stream",
     "text": [
      "[0 1]\n"
     ]
    }
   ],
   "source": [
    "w,h = 16,16\n",
    "I = np.random.randint(0, 2, (h,w,3)).astype(np.ubyte)\n",
    "F = I[...,0] * 256 * 256 + I[...,1] * 256 + I[...,2]\n",
    "n = len(np.unique(F))\n",
    "print(np.unique(I))"
   ]
  },
  {
   "cell_type": "markdown",
   "metadata": {
    "collapsed": false
   },
   "source": [
    "Дан четырехмерный массив, посчитать сумму по последним двум осям"
   ]
  },
  {
   "cell_type": "code",
   "execution_count": 29,
   "metadata": {
    "collapsed": false
   },
   "outputs": [
    {
     "name": "stdout",
     "output_type": "stream",
     "text": [
      "[[66 55 62 41]\n",
      " [54 63 46 48]\n",
      " [56 53 49 46]]\n"
     ]
    }
   ],
   "source": [
    "A = np.random.randint(0,10, (3,4,3,4))\n",
    "sum = A.reshape(A.shape[:-2] + (-1,)).sum(axis=-1)\n",
    "print(sum)"
   ]
  },
  {
   "cell_type": "markdown",
   "metadata": {
    "collapsed": false
   },
   "source": [
    "Найти диагональные элементы произведения матриц"
   ]
  },
  {
   "cell_type": "code",
   "execution_count": 43,
   "metadata": {
    "collapsed": false
   },
   "outputs": [
    {
     "name": "stdout",
     "output_type": "stream",
     "text": [
      "A\n",
      "[[8 0 0]\n",
      " [5 5 2]\n",
      " [5 5 8]]\n",
      "B\n",
      "[[6 5 5]\n",
      " [5 2 6]\n",
      " [2 9 5]]\n",
      "C\n",
      "[[ 48  40  40]\n",
      " [ 59  53  65]\n",
      " [ 71 107  95]]\n",
      "diag\n",
      "[48 53 95]\n"
     ]
    }
   ],
   "source": [
    "A = np.random.randint(10, size=(3, 3))\n",
    "print(\"A\")\n",
    "print(A)\n",
    "B = np.random.randint(10, size=(3, 3))\n",
    "print(\"B\")\n",
    "print(B)\n",
    "C = np.dot(A, B)\n",
    "print(\"C\")\n",
    "print(C)\n",
    "print(\"diag\")\n",
    "print(np.diag(C))"
   ]
  }
 ],
 "metadata": {
  "kernelspec": {
   "display_name": "Python 3 (system-wide)",
   "language": "python",
   "metadata": {
    "cocalc": {
     "description": "Python 3 programming language",
     "priority": 100,
     "url": "https://www.python.org/"
    }
   },
   "name": "python3"
  },
  "language_info": {
   "codemirror_mode": {
    "name": "ipython",
    "version": 3
   },
   "file_extension": ".py",
   "mimetype": "text/x-python",
   "name": "python",
   "nbconvert_exporter": "python",
   "pygments_lexer": "ipython3",
   "version": "3.8.5"
  }
 },
 "nbformat": 4,
 "nbformat_minor": 4
}
